3.260647 5.101079 5.260647
3.178894 4.964823 5.178894
1.410540 2.017566 3.410540
2.341270 3.568784 4.341270
2.322205 3.537008 4.322205
2.562081 3.936802 4.562081
2.537560 3.895932 4.537560
1.594101 2.323502 3.594101
2.702056 4.170094 4.702056
3.610291 5.683819 5.610291
2.639859 4.066431 4.639859
2.486992 3.811653 4.486992
4.628002 7.380003 6.628002
4.342534 6.904223 6.342534
1.304999 1.841665 3.304999
2.245108 3.408513 4.245108
0.714908 0.858179 2.714907
1.492627 2.154378 3.492627
2.808518 4.347531 4.808518
2.405988 3.676647 4.405988
0.751852 0.919753 2.751852
0.951525 1.252541 2.951525
1.823415 2.705691 3.823415
0.526182 0.543637 2.526182
2.739889 4.233148 4.739889
1.287388 1.812313 3.287388
0.922417 1.204028 2.922417
3.005573 4.675956 5.005573
2.406287 3.677145 4.406287
1.555407 2.259012 3.555407
2.118097 3.196827 4.118097
2.687445 4.145741 4.687445
4.026257 6.377094 6.026257
2.387533 3.645888 4.387533
3.412457 5.354095 5.412457
3.895977 6.159963 5.895977
3.125082 4.875136 5.125082
2.986806 4.644677 4.986806
0.174258 -0.042904 2.174258
1.093783 1.489638 3.093783
2.180637 3.301061 4.180637
3.446445 5.410742 5.446445
2.595783 3.992971 4.595783
4.681954 7.469923 6.681954
3.622190 5.703650 5.622190
2.080074 3.133456 4.080074
2.820271 4.367118 4.820271
1.961870 2.936450 3.961870
2.066133 3.110221 4.066133
1.904241 2.840402 3.904241
1.467003 2.111671 3.467003
2.129700 3.216167 4.129700
2.065657 3.109429 4.065657
1.876490 2.794151 3.876490
-0.171019 -0.618366 1.828980
4.336983 6.894972 6.336983
0.334013 0.223354 2.334013
0.915475 1.192459 2.915475
1.594093 2.323489 3.594093
1.730995 2.551658 3.730995
2.553853 3.923088 4.553853
2.566733 3.944555 4.566733
4.004910 6.341516 6.004910
-0.812669 -1.687782 1.187331
2.407001 3.678335 4.407001
3.634371 5.723951 5.634371
0.415468 0.359113 2.415468
2.061373 3.102289 4.061373
1.585279 2.308799 3.585279
0.838555 1.064259 2.838555
2.303914 3.506524 4.303914
3.991434 6.319056 5.991434
2.652442 4.087402 4.652442
1.223493 1.705822 3.223493
2.039768 3.066280 4.039768
3.520924 5.534873 5.520924
-0.378509 -0.964182 1.621491
2.353259 3.588764 4.353259
0.483302 0.472170 2.483302
2.165228 3.275380 4.165228
0.503428 0.505713 2.503428
3.977734 6.296223 5.977734
0.520988 0.534981 2.520988
2.066063 3.110106 4.066063
2.615379 4.025632 4.615379
4.044060 6.406766 6.044060
0.750763 0.917939 2.750763
3.665836 5.776393 5.665836
1.616633 2.361055 3.616633
2.990939 4.651565 4.990939
2.425884 3.709807 4.425884
1.242055 1.736758 3.242055
0.993814 1.323024 2.993814
2.713366 4.188944 4.713367
3.823734 6.039557 5.823734
1.801885 2.669809 3.801885
1.044145 1.406909 3.044146
1.777295 2.628824 3.777295
2.541065 3.901775 4.541065
2.674346 4.123911 4.674346
3.415027 5.358378 5.415027
0.113099 -0.144835 2.113099
2.411304 3.685507 4.411304
3.657200 5.762000 5.657200
2.372706 3.621177 4.372706
4.718183 7.530304 6.718183
2.858305 4.430509 4.858305
0.585435 0.642393 2.585435
3.033702 4.722837 5.033702
3.232416 5.054028 5.232416
2.824065 4.373442 4.824065
2.639170 4.065284 4.639171
2.764834 4.274724 4.764834
0.866960 1.111600 2.866960
2.266730 3.444550 4.266730
2.979145 4.631907 4.979145
1.439477 2.065795 3.439477
1.771831 2.619718 3.771831
0.647919 0.746532 2.647919
3.563595 5.605992 5.563595
0.602688 0.671147 2.602688
0.720885 0.868141 2.720885
1.548940 2.248233 3.548940
1.919332 2.865554 3.919332
1.602702 2.337837 3.602702
2.061224 3.102039 4.061224
0.287006 0.145010 2.287006
2.308465 3.514107 4.308465
2.929660 4.549434 4.929660
3.539685 5.566141 5.539684
0.042153 -0.263078 2.042153
3.007228 4.678714 5.007228
1.504639 2.174398 3.504639
1.989060 2.981766 3.989060
4.103233 6.505389 6.103233
1.474454 2.124090 3.474454
3.384539 5.307565 5.384539
1.024816 1.374694 3.024816
2.168177 3.280294 4.168177
2.079244 3.132074 4.079244
2.009564 3.015940 4.009564
2.922314 4.537190 4.922314
1.701825 2.503041 3.701825
2.372314 3.620524 4.372314
1.277771 1.796285 3.277771
1.718724 2.531207 3.718724
-0.403683 -1.006138 1.596317
1.084471 1.474117 3.084471
-0.095469 -0.492448 1.904531
2.788759 4.314598 4.788759
1.727936 2.546560 3.727936
2.310312 3.517186 4.310312
1.184998 1.641663 3.184998
0.693066 0.821777 2.693067
2.136163 3.226938 4.136163
3.275388 5.125647 5.275388
3.336614 5.227691 5.336615
-0.587162 -1.311936 1.412838
1.261749 1.769581 3.261749
2.046315 3.077193 4.046315
3.028330 4.713884 5.028330
1.472161 2.120268 3.472161
2.444983 3.741639 4.444983
1.715599 2.525999 3.715599
1.964848 2.941414 3.964849
3.199531 4.999218 5.199531
2.945192 4.575320 4.945192
1.182707 1.637845 3.182707
1.840651 2.734418 3.840651
0.816559 1.027598 2.816559
3.075092 4.791820 5.075092
-0.055488 -0.425814 1.944512
1.347133 1.911889 3.347133
1.581131 2.301885 3.581131
4.018820 6.364699 6.018820
1.937970 2.896617 3.937970
1.619858 2.366430 3.619858
1.531833 2.219722 3.531833
3.432633 5.387722 5.432633
-0.012927 -0.354878 1.987073
1.593605 2.322675 3.593605
1.962662 2.937770 3.962662
2.654437 4.090728 4.654437
2.740097 4.233494 4.740096
1.453195 2.088659 3.453195
0.378978 0.298297 2.378978
2.481034 3.801723 4.481034
-0.189588 -0.649314 1.810412
1.082522 1.470870 3.082522
0.926453 1.210754 2.926453
1.170197 1.616994 3.170197
1.677040 2.461733 3.677040
-0.025178 -0.375297 1.974822
1.491474 2.152456 3.491474
3.437447 5.395745 5.437447
0.827946 1.046577 2.827946
3.862502 6.104170 5.862502
2.513694 3.856157 4.513694
0.516652 0.527753 2.516652
3.794190 5.990316 5.794189
0.502362 0.503936 2.502362
1.566075 2.276792 3.566075
3.959182 6.265303 5.959182
2.579458 3.965763 4.579458
3.600863 5.668106 5.600863
1.086215 1.477025 3.086215
1.097543 1.495905 3.097543
1.014989 1.358315 3.014989
3.370386 5.283977 5.370386
3.596367 5.660612 5.596367
2.680006 4.133344 4.680006
2.972302 4.620504 4.972302
2.397897 3.663162 4.397897
0.251214 0.085356 2.251214
2.207844 3.346406 4.207843
2.432470 3.720783 4.432469
3.956313 6.260522 5.956313
3.560461 5.600768 5.560461
2.206796 3.344660 4.206796
1.175562 1.625937 3.175562
1.727710 2.546183 3.727710
2.332824 3.554706 4.332823
2.037261 3.062102 4.037261
4.357366 6.928943 6.357366
0.863983 1.106638 2.863983
2.935768 4.559613 4.935768
2.071328 3.118881 4.071328
2.747774 4.246289 4.747773
2.579874 3.966456 4.579874
0.915719 1.192865 2.915719
3.944816 6.241360 5.944816
0.994946 1.324910 2.994946
2.469641 3.782736 4.469641
4.479912 7.133187 6.479913
2.274257 3.457094 4.274257
2.312528 3.520880 4.312528
4.491488 7.152481 6.491488
0.235336 0.058893 2.235336
4.065997 6.443329 6.065997
2.042125 3.070209 4.042125
2.096680 3.161133 4.096680
3.549656 5.582760 5.549656
2.626644 4.044407 4.626644
2.034324 3.057207 4.034324
0.422170 0.370283 2.422170
3.001976 4.669959 5.001976
2.805642 4.342737 4.805642
2.054857 3.091428 4.054857
2.139983 3.233304 4.139983
1.242939 1.738231 3.242939
0.811837 1.019729 2.811837
2.296635 3.494392 4.296635
0.878632 1.131053 2.878632
1.404912 2.008187 3.404912
0.803369 1.005615 2.803369
2.639494 4.065823 4.639493
3.960771 6.267951 5.960771
2.068753 3.114588 4.068753
2.432226 3.720377 4.432226
2.631064 4.051773 4.631064
0.749547 0.915912 2.749547
0.157140 -0.071434 2.157140
1.905950 2.843249 3.905950
2.591544 3.985906 4.591544
-0.129532 -0.549220 1.870468
0.017729 -0.303786 2.017729
1.537710 2.229516 3.537710
0.921900 1.203167 2.921900
2.405635 3.676059 4.405635
3.922919 6.204864 5.922918
4.568376 7.280626 6.568376
3.164928 4.941547 5.164928
3.583606 5.639344 5.583606
1.696129 2.493548 3.696129
3.030191 4.716985 5.030190
1.184734 1.641224 3.184734
2.234474 3.390790 4.234474
0.966925 1.278208 2.966925
1.843788 2.739646 3.843788
1.536096 2.226827 3.536096
2.286790 3.477983 4.286789
4.715970 7.526616 6.715970
1.231183 1.718639 3.231183
0.750383 0.917306 2.750383
1.744242 2.573737 3.744242
3.911691 6.186152 5.911691
3.112470 4.854116 5.112470
1.307349 1.845581 3.307348
1.565081 2.275135 3.565081
-0.317893 -0.863155 1.682107
1.196849 1.661415 3.196849
-0.048505 -0.414175 1.951495
1.575308 2.292179 3.575308
4.477610 7.129350 6.477610
2.653045 4.088408 4.653045
3.312876 5.188128 5.312877
3.642356 5.737260 5.642356
1.943549 2.905915 3.943549
3.148691 4.914485 5.148691
3.432565 5.387608 5.432565
1.276862 1.794770 3.276862
1.845348 2.742247 3.845348
0.562179 0.603632 2.562179
4.470675 7.117791 6.470675
2.359963 3.599938 4.359963
1.084281 1.473802 3.084281
0.887015 1.145026 2.887015
1.533692 2.222820 3.533692
2.008765 3.014608 4.008765
1.896567 2.827611 3.896567
2.593618 3.989363 4.593617
3.813128 6.021880 5.813128
-0.728932 -1.548220 1.271068
1.736253 2.560422 3.736253
0.040933 -0.265112 2.040933
3.804732 6.007886 5.804732
3.533165 5.555275 5.533165
3.139713 4.899521 5.139713
2.130713 3.217856 4.130713
3.004919 4.674864 5.004919
2.080221 3.133701 4.080220
1.553468 2.255781 3.553468
2.376158 3.626929 4.376158
1.972980 2.954967 3.972980
0.133674 -0.110544 2.133674
-0.290759 -0.817932 1.709241
0.811153 1.018588 2.811152
0.947502 1.245836 2.947502
1.958345 2.930575 3.958345
1.677384 2.462307 3.677384
0.777051 0.961752 2.777051
2.465792 3.776321 4.465793
3.794201 5.990335 5.794201
2.994853 4.658089 4.994853
1.606838 2.344731 3.606838
2.270193 3.450322 4.270193
-0.099363 -0.498939 1.900637
2.388846 3.648078 4.388846
1.868052 2.780086 3.868052
3.319904 5.199841 5.319904
0.943853 1.239754 2.943853
0.252940 0.088234 2.252940
0.420487 0.367478 2.420487
2.282440 3.470733 4.282440
0.119587 -0.134022 2.119587
4.131887 6.553145 6.131887
1.124071 1.540119 3.124071
1.562975 2.271626 3.562975
0.588312 0.647186 2.588312
1.330793 1.884656 3.330794
2.204660 3.341100 4.204660
2.062171 3.103618 4.062171
1.684755 2.474592 3.684755
4.039250 6.398751 6.039250
3.098637 4.831060 5.098637
3.729239 5.882066 5.729239
0.359700 0.266166 2.359700
2.979333 4.632222 4.979333
0.817840 1.029734 2.817841
3.073477 4.789128 5.073477
2.110191 3.183652 4.110191
2.150933 3.251555 4.150933
0.338505 0.230842 2.338506
4.847674 7.746124 6.847674
1.714620 2.524366 3.714620
0.655491 0.759152 2.655492
2.599903 3.999839 4.599903
3.047799 4.746331 5.047799
1.012556 1.354260 3.012556
1.350981 1.918302 3.350981
1.541685 2.236142 3.541685
1.365592 1.942653 3.365592
2.819871 4.366453 4.819871
2.400668 3.667779 4.400668
3.390420 5.317367 5.390420
0.908715 1.181192 2.908715
0.087441 -0.187599 2.087440
0.050667 -0.248889 2.050667
3.361370 5.268950 5.361370
4.392139 6.986898 6.392139
3.120934 4.868223 5.120934
2.304072 3.506787 4.304072
4.395015 6.991691 6.395015
1.902949 2.838248 3.902949
2.258982 3.431636 4.258982
0.438251 0.397085 2.438251
2.459509 3.765848 4.459509
0.835508 1.059179 2.835508
3.467466 5.445776 5.467465
2.254205 3.423676 4.254206
2.730796 4.217994 4.730796
3.377348 5.295580 5.377348
3.465482 5.442471 5.465483
1.540810 2.234684 3.540810
3.451449 5.419082 5.451449
0.156880 -0.071867 2.156880
0.769027 0.948378 2.769027
3.073826 4.789711 5.073826
3.266762 5.111270 5.266762
0.803348 1.005580 2.803348
3.815050 6.025084 5.815050
3.046747 4.744579 5.046747
3.257335 5.095558 5.257335
2.266684 3.444473 4.266684
3.524538 5.540896 5.524538
-0.725910 -1.543183 1.274090
3.428717 5.381196 5.428718
2.454480 3.757467 4.454480
4.025650 6.376083 6.025650
3.492261 5.487103 5.492261
2.383924 3.639873 4.383924
1.466727 2.111212 3.466727
2.740143 4.233572 4.740143
1.831339 2.718898 3.831339
1.643263 2.405437 3.643262
4.565104 7.275172 6.565104
1.232009 1.720016 3.232009
2.183036 3.305059 4.183035
4.484461 7.140769 6.484461
2.232966 3.388277 4.232966
1.589524 2.315873 3.589523
2.854414 4.424024 4.854414
2.349710 3.582850 4.349710
1.557367 2.262278 3.557367
2.690634 4.151057 4.690634
0.845741 1.076235 2.845741
-0.064834 -0.441391 1.935166
1.578887 2.298145 3.578887
0.538275 0.563792 2.538275
2.446586 3.744311 4.446587
2.730124 4.216872 4.730124
0.872614 1.121023 2.872613
2.314877 3.524795 4.314877
2.660668 4.101113 4.660668
3.679295 5.798826 5.679295
4.859304 7.765508 6.859304
2.394731 3.657885 4.394731
2.654093 4.090155 4.654093
0.626737 0.711229 2.626738
1.473411 2.122351 3.473411
1.606335 2.343892 3.606335
3.228576 5.047626 5.228576
0.860038 1.100063 2.860038
1.240865 1.734776 3.240865
1.202397 1.670661 3.202397
3.612105 5.686842 5.612105
2.232255 3.387093 4.232255
2.496530 3.827549 4.496530
-0.384575 -0.974291 1.615425
1.608893 2.348155 3.608893
2.243966 3.406611 4.243966
2.068879 3.114798 4.068879
2.815944 4.359906 4.815944
1.751856 2.586426 3.751856
4.214911 6.691518 6.214911
3.263855 5.106426 5.263855
0.255569 0.092615 2.255569
2.278528 3.464214 4.278528
1.226135 1.710226 3.226135
2.363335 3.605558 4.363335
0.936468 1.227447 2.936468
2.223389 3.372315 4.223389
1.351483 1.919138 3.351483
2.994126 4.656877 4.994126
2.152771 3.254618 4.152771
1.803746 2.672909 3.803746
1.806356 2.677261 3.806356
1.765872 2.609786 3.765872
1.028199 1.380332 3.028199
-0.220075 -0.700126 1.779925
2.185089 3.308481 4.185089
3.793628 5.989380 5.793628
-0.165882 -0.609803 1.834118
4.166597 6.610995 6.166597
2.968070 4.613450 4.968070
1.632514 2.387524 3.632514
4.356244 6.927073 6.356244
3.564624 5.607707 5.564624
1.373379 1.955631 3.373379
0.445172 0.408619 2.445172
1.370831 1.951386 3.370831
3.422579 5.370965 5.422579
1.243477 1.739128 3.243477
4.446946 7.078243 6.446946
4.258008 6.763347 6.258008
-0.426749 -1.044582 1.573251
1.762638 2.604396 3.762638
0.429400 0.382334 2.429400
1.718609 2.531015 3.718609
2.980530 4.634216 4.980530
4.719697 7.532829 6.719697
1.127420 1.545700 3.127420
0.337433 0.229055 2.337433
0.558860 0.598100 2.558860
1.214174 1.690289 3.214174
1.171103 1.618504 3.171103
-0.518435 -1.197392 1.481565
3.365820 5.276367 5.365820
1.284209 1.807014 3.284209
1.503280 2.172133 3.503280
0.508209 0.513682 2.508209
2.915669 4.526115 4.915669
2.480713 3.801188 4.480713
3.846819 6.078031 5.846819
3.016052 4.693419 5.016051
0.043519 -0.260802 2.043519
1.035593 1.392655 3.035593
0.102857 -0.161905 2.102857
2.105755 3.176258 4.105755
2.288050 3.480084 4.288051
1.110799 1.517999 3.110799
2.461626 3.769376 4.461626
2.658151 4.096918 4.658151
2.994947 4.658245 4.994947
1.973973 2.956622 3.973973
0.463064 0.438441 2.463064
1.742915 2.571525 3.742915
0.897060 1.161766 2.897059
-0.027459 -0.379098 1.972541
1.633108 2.388513 3.633107
2.895889 4.493149 4.895889
1.665852 2.443087 3.665853
2.445753 3.742921 4.445753
2.218756 3.364593 4.218756
1.231188 1.718646 3.231188
2.418591 3.697651 4.418591
2.003012 3.005021 4.003013
1.985569 2.975948 3.985569
3.750154 5.916924 5.750154
2.006535 3.010892 4.006536
1.742008 2.570014 3.742008
3.987267 6.312111 5.987267
1.813572 2.689286 3.813572
2.298364 3.497274 4.298364
4.501723 7.169538 6.501723
4.780453 7.634088 6.780453
2.821928 4.369881 4.821928
0.658988 0.764979 2.658988
1.326058 1.876763 3.326058
3.073527 4.789212 5.073527
1.386655 1.977758 3.386655
1.943688 2.906147 3.943688
2.135948 3.226580 4.135948
1.378415 1.964025 3.378415
1.594348 2.323913 3.594348
-0.514176 -1.190293 1.485824
-0.410221 -1.017035 1.589779
2.163298 3.272164 4.163298
0.896560 1.160933 2.896560
1.437665 2.062775 3.437665
0.467136 0.445226 2.467136
2.715072 4.191787 4.715073
2.971997 4.619995 4.971997
1.683662 2.472770 3.683662
1.631312 2.385520 3.631312
2.046135 3.076892 4.046135
2.509540 3.849233 4.509540
0.975460 1.292434 2.975460
3.394435 5.324058 5.394435
2.502462 3.837437 4.502462
1.291304 1.818841 3.291304
0.966274 1.277123 2.966274
2.262464 3.437440 4.262464
3.410837 5.351396 5.410837
-0.113030 -0.521716 1.886970
1.867318 2.778863 3.867318
2.893250 4.488750 4.893250
2.012754 3.021256 4.012754
0.566842 0.611404 2.566842
2.229457 3.382429 4.229457
1.072928 1.454881 3.072929
2.046340 3.077233 4.046340
2.530950 3.884917 4.530950
2.483149 3.805249 4.483150
-0.374374 -0.957290 1.625626
3.737072 5.895120 5.737072
2.942933 4.571555 4.942933
4.075861 6.459768 6.075861
3.501586 5.502643 5.501586
3.892848 6.154746 5.892848
0.535589 0.559315 2.535589
3.962675 6.271125 5.962675
2.540967 3.901612 4.540967
2.947334 4.578890 4.947334
3.059912 4.766520 5.059912
2.150541 3.250902 4.150541
3.375172 5.291953 5.375172
2.872490 4.454150 4.872490
0.918066 1.196777 2.918066
2.367121 3.611868 4.367121
2.277883 3.463138 4.277883
2.691751 4.152917 4.691751
-0.242295 -0.737158 1.757705
0.636214 0.727023 2.636214
1.715655 2.526092 3.715655
4.700282 7.500470 6.700282
0.549651 0.582752 2.549651
0.927394 1.212323 2.927394
0.554299 0.590499 2.554299
0.671413 0.785689 2.671413
2.166011 3.276684 4.166010
1.860500 2.767500 3.860500
3.202715 5.004525 5.202715
4.824705 7.707841 6.824705
1.488619 2.147698 3.488619
1.568832 2.281386 3.568832
3.802415 6.004025 5.802415
1.246436 1.744060 3.246436
3.825034 6.041722 5.825033
1.039794 1.399656 3.039794
3.216436 5.027393 5.216436
1.591933 2.319888 3.591933
2.427576 3.712626 4.427576
2.749525 4.249208 4.749525
2.389553 3.649255 4.389553
0.070253 -0.216246 2.070253
0.978402 1.297336 2.978402
1.289935 1.816558 3.289935
2.607247 4.012078 4.607247
2.891601 4.486002 4.891601
1.489882 2.149803 3.489882
2.815084 4.358474 4.815084
2.607744 4.012906 4.607744
3.979103 6.298504 5.979103
2.939410 4.565683 4.939410
3.011168 4.685279 5.011168
0.172347 -0.046089 2.172347
3.093780 4.822966 5.093780
2.297140 3.495234 4.297140
0.445288 0.408813 2.445288
3.992477 6.320795 5.992477
3.178417 4.964027 5.178417
3.136393 4.893989 5.136393
2.154667 3.257778 4.154667
0.298891 0.164818 2.298891
2.735661 4.226101 4.735661
0.586811 0.644685 2.586811
2.950074 4.583457 4.950074
1.878571 2.797618 3.878571
4.247711 6.746185 6.247711
0.882446 1.137411 2.882447
1.295466 1.825776 3.295466
0.583280 0.638800 2.583280
1.826536 2.710894 3.826536
0.184457 -0.025905 2.184457
1.880035 2.800058 3.880035
-0.156982 -0.594969 1.843018
4.095006 6.491676 6.095006
1.925931 2.876551 3.925931
4.056959 6.428265 6.056959
1.962062 2.936770 3.962062
2.720740 4.201233 4.720739
4.176361 6.627268 6.176361
2.987454 4.645757 4.987454
0.250192 0.083653 2.250192
3.050111 4.750185 5.050111
2.877196 4.461993 4.877196
1.941285 2.902141 3.941285
2.500890 3.834817 4.500890
2.499140 3.831900 4.499140
0.386662 0.311103 2.386662
3.845848 6.076412 5.845847
2.980029 4.633381 4.980029
1.727897 2.546496 3.727897
1.756908 2.594847 3.756908
1.175498 1.625829 3.175497
2.792209 4.320349 4.792210
2.020233 3.033722 4.020233
2.809643 4.349404 4.809643
4.718133 7.530222 6.718133
2.810805 4.351341 4.810805
2.585927 3.976544 4.585927
1.748032 2.580053 3.748032
2.286158 3.476930 4.286158
2.309892 3.516487 4.309892
4.720640 7.534400 6.720640
1.173881 1.623135 3.173881
3.469349 5.448915 5.469349
2.745335 4.242226 4.745336
3.580008 5.633347 5.580009
0.083591 -0.194015 2.083591
0.792477 0.987461 2.792477
3.071050 4.785084 5.071050
3.497810 5.496350 5.497810
2.475257 3.792095 4.475257
1.753199 2.588666 3.753199
-0.618251 -1.363752 1.381749
1.761899 2.603165 3.761899
2.619028 4.031714 4.619028
3.311250 5.185418 5.311251
1.529798 2.216330 3.529798
0.350047 0.250079 2.350047
1.482438 2.137397 3.482438
0.152596 -0.079006 2.152596
2.827159 4.378599 4.827159
4.298159 6.830265 6.298159
3.741093 5.901822 5.741093
2.051830 3.086382 4.051830
1.939625 2.899374 3.939625
1.525098 2.208497 3.525098
0.013542 -0.310763 2.013542
4.487101 7.145167 6.487101
1.481504 2.135840 3.481504
2.744784 4.241306 4.744783
1.990782 2.984637 3.990782
2.529392 3.882319 4.529392
1.081251 1.468752 3.081251
2.527519 3.879199 4.527519
2.172429 3.287382 4.172429
3.073568 4.789281 5.073568
2.314496 3.524160 4.314496
2.253032 3.421721 4.253033
1.465483 2.109139 3.465483
1.912101 2.853501 3.912101
2.415370 3.692283 4.415370
3.958328 6.263881 5.958328
2.786395 4.310658 4.786395
2.549422 3.915703 4.549422
3.188980 4.981632 5.188980
2.617429 4.029049 4.617430
0.342601 0.237669 2.342601
1.401130 2.001884 3.401130
0.801329 1.002215 2.801329
1.467541 2.112567 3.467541
-0.249900 -0.749833 1.750100
4.523832 7.206386 6.523832
4.056097 6.426828 6.056097
1.105602 1.509336 3.105602
2.275824 3.459706 4.275824
4.027804 6.379673 6.027804
2.324562 3.540936 4.324562
0.205184 0.008640 2.205184
0.870060 1.116766 2.870059
1.968204 2.947007 3.968204
1.975192 2.958653 3.975192
0.160121 -0.066464 2.160121
2.006399 3.010665 4.006399
2.394379 3.657299 4.394380
2.110024 3.183373 4.110024
3.307962 5.179935 5.307961
1.721905 2.536508 3.721905
4.182692 6.637819 6.182692
3.341141 5.235236 5.341141
1.241114 1.735190 3.241114
0.017356 -0.304406 2.017356
3.402956 5.338260 5.402956
3.439584 5.399307 5.439585
2.340847 3.568078 4.340847
3.656165 5.760275 5.656165
3.196560 4.994267 5.196560
4.579461 7.299101 6.579461
0.462266 0.437109 2.462265
1.753895 2.589824 3.753895
2.129651 3.216085 4.129651
0.645362 0.742270 2.645362
3.956863 6.261438 5.956863
2.846809 4.411347 4.846808
1.887526 2.812544 3.887527
1.054266 1.423777 3.054266
1.929234 2.882057 3.929234
3.459765 5.432942 5.459765
1.437294 2.062157 3.437294
0.798168 0.996947 2.798168
3.587554 5.645922 5.587554
0.688074 0.813457 2.688074
0.478587 0.464312 2.478587
-0.119213 -0.532022 1.880787
2.603553 4.005922 4.603553
4.674013 7.456688 6.674013
3.176491 4.960818 5.176491
0.463026 0.438376 2.463026
1.092503 1.487506 3.092503
2.327212 3.545353 4.327212
3.063313 4.772189 5.063313
1.125313 1.542188 3.125313
3.256024 5.093372 5.256023
2.731775 4.219624 4.731775
0.992150 1.320250 2.992150
1.377997 1.963329 3.377997
4.454518 7.090864 6.454518
2.691162 4.151937 4.691162
1.394501 1.990835 3.394501
0.882238 1.137063 2.882238
1.892948 2.821579 3.892947
1.492023 2.153371 3.492023
2.918034 4.530056 4.918034
2.571777 3.952961 4.571776
0.869400 1.115666 2.869400
1.354037 1.923395 3.354037
3.172132 4.953552 5.172132
1.638340 2.397233 3.638340
4.415178 7.025297 6.415178
3.574284 5.623806 5.574284
1.191442 1.652404 3.191442
1.875197 2.791996 3.875197
-0.537724 -1.229539 1.462276
3.951618 6.252696 5.951618
1.247272 1.745453 3.247272
2.178867 3.298112 4.178867
2.347214 3.578689 4.347214
2.350977 3.584961 4.350976
-0.263537 -0.772561 1.736463
0.716742 0.861237 2.716742
1.380974 1.968290 3.380974
0.506629 0.511048 2.506629
1.254236 1.757061 3.254236
0.394174 0.323623 2.394174
3.170377 4.950627 5.170377
1.066522 1.444203 3.066522
2.460608 3.767679 4.460608
2.101886 3.169810 4.101886
3.070205 4.783675 5.070205
1.628621 2.381035 3.628621
3.080600 4.801000 5.080600
2.178680 3.297799 4.178679
2.430838 3.718063 4.430838
1.080959 1.468265 3.080959
4.215065 6.691774 6.215065
1.449510 2.082517 3.449510
-0.268340 -0.780566 1.731660
1.843686 2.739477 3.843686
-0.186113 -0.643521 1.813887
1.763766 2.606277 3.763766
3.267606 5.112677 5.267606
1.866036 2.776727 3.866036
4.238038 6.730064 6.238038
2.957895 4.596492 4.957895
2.594546 3.990910 4.594546
0.351910 0.253183 2.351910
1.381605 1.969342 3.381605
2.552123 3.920204 4.552123
2.802116 4.336860 4.802116
2.631913 4.053188 4.631913
3.675230 5.792050 5.675230
4.261662 6.769436 6.261662
3.935960 6.226600 5.935960
0.906573 1.177621 2.906573
3.128238 4.880397 5.128238
2.210769 3.351281 4.210769
1.592459 2.320765 3.592458
1.179164 1.631940 3.179164
1.423750 2.039584 3.423750
2.788495 4.314157 4.788495
3.086192 4.810319 5.086192
2.450059 3.750098 4.450059
2.641578 4.069297 4.641578
1.057528 1.429213 3.057528
2.778867 4.298111 4.778867
2.590530 3.984217 4.590530
1.043009 1.405015 3.043009
2.132038 3.220062 4.132038
2.221704 3.369508 4.221704
4.290348 6.817247 6.290348
1.689873 2.483121 3.689873
4.013435 6.355726 6.013435
0.266310 0.110517 2.266310
3.169289 4.948814 5.169289
3.335464 5.225774 5.335464
1.826764 2.711272 3.826764
0.708724 0.847873 2.708724
1.110608 1.517679 3.110608
0.732635 0.887725 2.732635
1.355243 1.925405 3.355243
1.653481 2.422469 3.653481
2.381691 3.636152 4.381691
1.800901 2.668168 3.800901
4.137218 6.562030 6.137218
3.720686 5.867811 5.720686
1.679545 2.465908 3.679544
4.224561 6.707603 6.224561
4.236722 6.727870 6.236722
1.525142 2.208570 3.525142
4.216948 6.694914 6.216948
1.100634 1.501057 3.100634
1.737607 2.562679 3.737607
2.747836 4.246393 4.747836
3.571630 5.619383 5.571630
3.266516 5.110860 5.266516
-0.388638 -0.981064 1.611362
2.196697 3.327829 4.196697
1.065532 1.442553 3.065532
1.914172 2.856954 3.914172
2.479289 3.798815 4.479289
-0.536265 -1.227109 1.463735
2.566883 3.944805 4.566883
2.415422 3.692370 4.415422
1.144340 1.573899 3.144340
1.789159 2.648598 3.789159
2.685343 4.142239 4.685343
0.659657 0.766096 2.659657
0.996624 1.327706 2.996624
4.172892 6.621487 6.172892
2.136513 3.227522 4.136513
1.532243 2.220405 3.532243
2.013564 3.022607 4.013564
0.198785 -0.002025 2.198785
2.111193 3.185322 4.111193
3.220848 5.034747 5.220848
2.915594 4.525990 4.915594
0.347410 0.245683 2.347410
1.656397 2.427329 3.656397
3.309707 5.182845 5.309707
2.770864 4.284774 4.770864
1.055976 1.426628 3.055976
2.929818 4.549697 4.929818
1.009358 1.348930 3.009358
4.621342 7.368903 6.621342
-0.477762 -1.129603 1.522238
1.845135 2.741891 3.845135
3.665178 5.775297 5.665178
0.856480 1.094132 2.856479
0.663237 0.772062 2.663237
4.000376 6.333961 6.000376
-0.386349 -0.977249 1.613651
4.712851 7.521419 6.712851
2.135140 3.225233 4.135139
1.345743 1.909571 3.345743
2.063298 3.105497 4.063298
1.076964 1.461607 3.076964
2.072085 3.120142 4.072085
3.708317 5.847196 5.708317
3.010962 4.684937 5.010962
3.258646 5.097744 5.258646
2.828753 4.381255 4.828753
2.281008 3.468347 4.281009
0.601494 0.669157 2.601494
3.331489 5.219149 5.331489
2.640199 4.066998 4.640199
1.907278 2.845463 3.907278
1.110487 1.517478 3.110487
2.959098 4.598496 4.959098
4.772429 7.620714 6.772429
1.019799 1.366332 3.019799
1.069656 1.449427 3.069657
3.439960 5.399934 5.439960
1.979068 2.965113 3.979068
3.803213 6.005355 5.803213
0.165461 -0.057565 2.165461
0.629915 0.716526 2.629915
1.648560 2.414267 3.648560
0.995214 1.325357 2.995214
1.417717 2.029528 3.417717
1.717814 2.529691 3.717814
1.588243 2.313739 3.588243
1.722240 2.537066 3.722240
4.028676 6.381126 6.028676
2.470636 3.784393 4.470636
2.565918 3.943197 4.565918
0.679531 0.799219 2.679531
3.188748 4.981247 5.188748
-0.110353 -0.517254 1.889647
2.926088 4.543481 4.926088
2.247497 3.412494 4.247497
3.184069 4.973449 5.184069
1.539856 2.233093 3.539856
3.899129 6.165215 5.899129
0.531390 0.552316 2.531389
0.025438 -0.290936 2.025438
3.021473 4.702456 5.021473
0.612217 0.687029 2.612217
3.091843 4.819738 5.091843
2.950195 4.583658 4.950195
3.034098 4.723496 5.034098
1.935480 2.892466 3.935480
2.071416 3.119026 4.071416
-0.614824 -1.358040 1.385176
3.326188 5.210313 5.326188
3.445168 5.408614 5.445168
2.763431 4.272385 4.763431
1.001315 1.335526 3.001315
0.799489 0.999148 2.799489
0.170630 -0.048950 2.170630
1.694390 2.490650 3.694390
1.911415 2.852359 3.911415
2.235030 3.391717 4.235030
-0.001306 -0.335510 1.998694
2.173731 3.289551 4.173731
0.769223 0.948705 2.769223
3.735750 5.892917 5.735750
1.990880 2.984800 3.990880
2.862138 4.436897 4.862138
1.594843 2.324739 3.594843
1.564265 2.273775 3.564265
3.586959 5.644932 5.586959
2.710830 4.184717 4.710830
1.131042 1.551736 3.131042
2.011704 3.019507 4.011704
1.537454 2.229090 3.537454
0.490995 0.484991 2.490995
0.827445 1.045741 2.827445
0.934586 1.224310 2.934586
2.095738 3.159563 4.095738
1.213722 1.689537 3.213722
4.614731 7.357885 6.614731
1.454142 2.090237 3.454142
2.375927 3.626545 4.375927
0.994909 1.324848 2.994909
1.984901 2.974835 3.984901
0.208929 0.014882 2.208929
1.176850 1.628084 3.176850
