3.000000 1.000000
3.003003 1.003003
3.006006 1.006006
3.009009 1.009009
3.012012 1.012012
3.015015 1.015015
3.018018 1.018018
3.021021 1.021021
3.024024 1.024024
3.027027 1.027027
3.030030 1.030030
3.033033 1.033033
3.036036 1.036036
3.039039 1.039039
3.042042 1.042042
3.045045 1.045045
3.048048 1.048048
3.051051 1.051051
3.054054 1.054054
3.057057 1.057057
3.060060 1.060060
3.063063 1.063063
3.066066 1.066066
3.069069 1.069069
3.072072 1.072072
3.075075 1.075075
3.078078 1.078078
3.081081 1.081081
3.084084 1.084084
3.087087 1.087087
3.090090 1.090090
3.093093 1.093093
3.096096 1.096096
3.099099 1.099099
3.102102 1.102102
3.105105 1.105105
3.108108 1.108108
3.111111 1.111111
3.114114 1.114114
3.117117 1.117117
3.120120 1.120120
3.123123 1.123123
3.126126 1.126126
3.129129 1.129129
3.132132 1.132132
3.135135 1.135135
3.138138 1.138138
3.141141 1.141141
3.144144 1.144144
3.147147 1.147147
3.150150 1.150150
3.153153 1.153153
3.156156 1.156156
3.159159 1.159159
3.162162 1.162162
3.165165 1.165165
3.168168 1.168168
3.171171 1.171171
3.174174 1.174174
3.177177 1.177177
3.180180 1.180180
3.183183 1.183183
3.186186 1.186186
3.189189 1.189189
3.192192 1.192192
3.195195 1.195195
3.198198 1.198198
3.201201 1.201201
3.204204 1.204204
3.207207 1.207207
3.210210 1.210210
3.213213 1.213213
3.216216 1.216216
3.219219 1.219219
3.222222 1.222222
3.225225 1.225225
3.228228 1.228228
3.231231 1.231231
3.234234 1.234234
3.237237 1.237237
3.240240 1.240240
3.243243 1.243243
3.246246 1.246246
3.249249 1.249249
3.252252 1.252252
3.255255 1.255255
3.258258 1.258258
3.261261 1.261261
3.264264 1.264264
3.267267 1.267267
3.270270 1.270270
3.273273 1.273273
3.276276 1.276276
3.279279 1.279279
3.282282 1.282282
3.285285 1.285285
3.288288 1.288288
3.291291 1.291291
3.294294 1.294294
3.297297 1.297297
3.300300 1.300300
3.303303 1.303303
3.306306 1.306306
3.309309 1.309309
3.312312 1.312312
3.315315 1.315315
3.318318 1.318318
3.321321 1.321321
3.324324 1.324324
3.327327 1.327327
3.330330 1.330330
3.333333 1.333333
3.336336 1.336336
3.339339 1.339339
3.342342 1.342342
3.345345 1.345345
3.348348 1.348348
3.351351 1.351351
3.354354 1.354354
3.357357 1.357357
3.360360 1.360360
3.363363 1.363363
3.366366 1.366366
3.369369 1.369369
3.372372 1.372372
3.375375 1.375375
3.378378 1.378378
3.381381 1.381381
3.384384 1.384384
3.387387 1.387387
3.390390 1.390390
3.393393 1.393393
3.396396 1.396396
3.399399 1.399399
3.402402 1.402402
3.405405 1.405405
3.408408 1.408408
3.411411 1.411411
3.414414 1.414414
3.417417 1.417417
3.420420 1.420420
3.423423 1.423423
3.426426 1.426426
3.429429 1.429429
3.432432 1.432432
3.435435 1.435435
3.438438 1.438438
3.441441 1.441441
3.444444 1.444444
3.447447 1.447447
3.450450 1.450450
3.453453 1.453453
3.456456 1.456456
3.459459 1.459459
3.462462 1.462462
3.465465 1.465465
3.468468 1.468468
3.471471 1.471471
3.474474 1.474474
3.477477 1.477477
3.480480 1.480480
3.483483 1.483483
3.486486 1.486486
3.489489 1.489489
3.492492 1.492492
3.495495 1.495495
3.498498 1.498498
3.501502 1.501502
3.504505 1.504505
3.507508 1.507508
3.510511 1.510511
3.513514 1.513514
3.516517 1.516517
3.519520 1.519520
3.522523 1.522523
3.525526 1.525526
3.528529 1.528529
3.531532 1.531532
3.534535 1.534535
3.537538 1.537538
3.540541 1.540541
3.543544 1.543544
3.546547 1.546547
3.549550 1.549550
3.552553 1.552553
3.555556 1.555556
3.558559 1.558559
3.561562 1.561562
3.564565 1.564565
3.567568 1.567568
3.570571 1.570571
3.573574 1.573574
3.576577 1.576577
3.579580 1.579580
3.582583 1.582583
3.585586 1.585586
3.588589 1.588589
3.591592 1.591592
3.594595 1.594595
3.597598 1.597598
3.600601 1.600601
3.603604 1.603604
3.606607 1.606607
3.609610 1.609610
3.612613 1.612613
3.615616 1.615616
3.618619 1.618619
3.621622 1.621622
3.624625 1.624625
3.627628 1.627628
3.630631 1.630631
3.633634 1.633634
3.636637 1.636637
3.639640 1.639640
3.642643 1.642643
3.645646 1.645646
3.648649 1.648649
3.651652 1.651652
3.654655 1.654655
3.657658 1.657658
3.660661 1.660661
3.663664 1.663664
3.666667 1.666667
3.669670 1.669670
3.672673 1.672673
3.675676 1.675676
3.678679 1.678679
3.681682 1.681682
3.684685 1.684685
3.687688 1.687688
3.690691 1.690691
3.693694 1.693694
3.696697 1.696697
3.699700 1.699700
3.702703 1.702703
3.705706 1.705706
3.708709 1.708709
3.711712 1.711712
3.714715 1.714715
3.717718 1.717718
3.720721 1.720721
3.723724 1.723724
3.726727 1.726727
3.729730 1.729730
3.732733 1.732733
3.735736 1.735736
3.738739 1.738739
3.741742 1.741742
3.744745 1.744745
3.747748 1.747748
3.750751 1.750751
3.753754 1.753754
3.756757 1.756757
3.759760 1.759760
3.762763 1.762763
3.765766 1.765766
3.768769 1.768769
3.771772 1.771772
3.774775 1.774775
3.777778 1.777778
3.780781 1.780781
3.783784 1.783784
3.786787 1.786787
3.789790 1.789790
3.792793 1.792793
3.795796 1.795796
3.798799 1.798799
3.801802 1.801802
3.804805 1.804805
3.807808 1.807808
3.810811 1.810811
3.813814 1.813814
3.816817 1.816817
3.819820 1.819820
3.822823 1.822823
3.825826 1.825826
3.828829 1.828829
3.831832 1.831832
3.834835 1.834835
3.837838 1.837838
3.840841 1.840841
3.843844 1.843844
3.846847 1.846847
3.849850 1.849850
3.852853 1.852853
3.855856 1.855856
3.858859 1.858859
3.861862 1.861862
3.864865 1.864865
3.867868 1.867868
3.870871 1.870871
3.873874 1.873874
3.876877 1.876877
3.879880 1.879880
3.882883 1.882883
3.885886 1.885886
3.888889 1.888889
3.891892 1.891892
3.894895 1.894895
3.897898 1.897898
3.900901 1.900901
3.903904 1.903904
3.906907 1.906907
3.909910 1.909910
3.912913 1.912913
3.915916 1.915916
3.918919 1.918919
3.921922 1.921922
3.924925 1.924925
3.927928 1.927928
3.930931 1.930931
3.933934 1.933934
3.936937 1.936937
3.939940 1.939940
3.942943 1.942943
3.945946 1.945946
3.948949 1.948949
3.951952 1.951952
3.954955 1.954955
3.957958 1.957958
3.960961 1.960961
3.963964 1.963964
3.966967 1.966967
3.969970 1.969970
3.972973 1.972973
3.975976 1.975976
3.978979 1.978979
3.981982 1.981982
3.984985 1.984985
3.987988 1.987988
3.990991 1.990991
3.993994 1.993994
3.996997 1.996997
4.000000 2.000000
4.003003 2.003003
4.006006 2.006006
4.009009 2.009009
4.012012 2.012012
4.015015 2.015015
4.018018 2.018018
4.021021 2.021021
4.024024 2.024024
4.027027 2.027027
4.030030 2.030030
4.033033 2.033033
4.036036 2.036036
4.039039 2.039039
4.042042 2.042042
4.045045 2.045045
4.048048 2.048048
4.051051 2.051051
4.054054 2.054054
4.057057 2.057057
4.060060 2.060060
4.063063 2.063063
4.066066 2.066066
4.069069 2.069069
4.072072 2.072072
4.075075 2.075075
4.078078 2.078078
4.081081 2.081081
4.084084 2.084084
4.087087 2.087087
4.090090 2.090090
4.093093 2.093093
4.096096 2.096096
4.099099 2.099099
4.102102 2.102102
4.105105 2.105105
4.108108 2.108108
4.111111 2.111111
4.114114 2.114114
4.117117 2.117117
4.120120 2.120120
4.123123 2.123123
4.126126 2.126126
4.129129 2.129129
4.132132 2.132132
4.135135 2.135135
4.138138 2.138138
4.141141 2.141141
4.144144 2.144144
4.147147 2.147147
4.150150 2.150150
4.153153 2.153153
4.156156 2.156156
4.159159 2.159159
4.162162 2.162162
4.165165 2.165165
4.168168 2.168168
4.171171 2.171171
4.174174 2.174174
4.177177 2.177177
4.180180 2.180180
4.183183 2.183183
4.186186 2.186186
4.189189 2.189189
4.192192 2.192192
4.195195 2.195195
4.198198 2.198198
4.201201 2.201201
4.204204 2.204204
4.207207 2.207207
4.210210 2.210210
4.213213 2.213213
4.216216 2.216216
4.219219 2.219219
4.222222 2.222222
4.225225 2.225225
4.228228 2.228228
4.231231 2.231231
4.234234 2.234234
4.237237 2.237237
4.240240 2.240240
4.243243 2.243243
4.246246 2.246246
4.249249 2.249249
4.252252 2.252252
4.255255 2.255255
4.258258 2.258258
4.261261 2.261261
4.264264 2.264264
4.267267 2.267267
4.270270 2.270270
4.273273 2.273273
4.276276 2.276276
4.279279 2.279279
4.282282 2.282282
4.285285 2.285285
4.288288 2.288288
4.291291 2.291291
4.294294 2.294294
4.297297 2.297297
4.300300 2.300300
4.303303 2.303303
4.306306 2.306306
4.309309 2.309309
4.312312 2.312312
4.315315 2.315315
4.318318 2.318318
4.321321 2.321321
4.324324 2.324324
4.327327 2.327327
4.330330 2.330330
4.333333 2.333333
4.336336 2.336336
4.339339 2.339339
4.342342 2.342342
4.345345 2.345345
4.348348 2.348348
4.351351 2.351351
4.354354 2.354354
4.357357 2.357357
4.360360 2.360360
4.363363 2.363363
4.366366 2.366366
4.369369 2.369369
4.372372 2.372372
4.375375 2.375375
4.378378 2.378378
4.381381 2.381381
4.384384 2.384384
4.387387 2.387387
4.390390 2.390390
4.393393 2.393393
4.396396 2.396396
4.399399 2.399399
4.402402 2.402402
4.405405 2.405405
4.408408 2.408408
4.411411 2.411411
4.414414 2.414414
4.417417 2.417417
4.420420 2.420420
4.423423 2.423423
4.426426 2.426426
4.429429 2.429429
4.432432 2.432432
4.435435 2.435435
4.438438 2.438438
4.441441 2.441441
4.444444 2.444444
4.447447 2.447447
4.450450 2.450450
4.453453 2.453453
4.456456 2.456456
4.459459 2.459459
4.462462 2.462462
4.465465 2.465465
4.468468 2.468468
4.471471 2.471471
4.474474 2.474474
4.477477 2.477477
4.480480 2.480480
4.483483 2.483483
4.486486 2.486486
4.489489 2.489489
4.492492 2.492492
4.495495 2.495495
4.498498 2.498498
4.501502 2.501502
4.504505 2.504505
4.507508 2.507508
4.510511 2.510511
4.513514 2.513514
4.516517 2.516517
4.519520 2.519520
4.522523 2.522523
4.525526 2.525526
4.528529 2.528529
4.531532 2.531532
4.534535 2.534535
4.537538 2.537538
4.540541 2.540541
4.543544 2.543544
4.546547 2.546547
4.549550 2.549550
4.552553 2.552553
4.555556 2.555556
4.558559 2.558559
4.561562 2.561562
4.564565 2.564565
4.567568 2.567568
4.570571 2.570571
4.573574 2.573574
4.576577 2.576577
4.579580 2.579580
4.582583 2.582583
4.585586 2.585586
4.588589 2.588589
4.591592 2.591592
4.594595 2.594595
4.597598 2.597598
4.600601 2.600601
4.603604 2.603604
4.606607 2.606607
4.609610 2.609610
4.612613 2.612613
4.615616 2.615616
4.618619 2.618619
4.621622 2.621622
4.624625 2.624625
4.627628 2.627628
4.630631 2.630631
4.633634 2.633634
4.636637 2.636637
4.639640 2.639640
4.642643 2.642643
4.645646 2.645646
4.648649 2.648649
4.651652 2.651652
4.654655 2.654655
4.657658 2.657658
4.660661 2.660661
4.663664 2.663664
4.666667 2.666667
4.669670 2.669670
4.672673 2.672673
4.675676 2.675676
4.678679 2.678679
4.681682 2.681682
4.684685 2.684685
4.687688 2.687688
4.690691 2.690691
4.693694 2.693694
4.696697 2.696697
4.699700 2.699700
4.702703 2.702703
4.705706 2.705706
4.708709 2.708709
4.711712 2.711712
4.714715 2.714715
4.717718 2.717718
4.720721 2.720721
4.723724 2.723724
4.726727 2.726727
4.729730 2.729730
4.732733 2.732733
4.735736 2.735736
4.738739 2.738739
4.741742 2.741742
4.744745 2.744745
4.747748 2.747748
4.750751 2.750751
4.753754 2.753754
4.756757 2.756757
4.759760 2.759760
4.762763 2.762763
4.765766 2.765766
4.768769 2.768769
4.771772 2.771772
4.774775 2.774775
4.777778 2.777778
4.780781 2.780781
4.783784 2.783784
4.786787 2.786787
4.789790 2.789790
4.792793 2.792793
4.795796 2.795796
4.798799 2.798799
4.801802 2.801802
4.804805 2.804805
4.807808 2.807808
4.810811 2.810811
4.813814 2.813814
4.816817 2.816817
4.819820 2.819820
4.822823 2.822823
4.825826 2.825826
4.828829 2.828829
4.831832 2.831832
4.834835 2.834835
4.837838 2.837838
4.840841 2.840841
4.843844 2.843844
4.846847 2.846847
4.849850 2.849850
4.852853 2.852853
4.855856 2.855856
4.858859 2.858859
4.861862 2.861862
4.864865 2.864865
4.867868 2.867868
4.870871 2.870871
4.873874 2.873874
4.876877 2.876877
4.879880 2.879880
4.882883 2.882883
4.885886 2.885886
4.888889 2.888889
4.891892 2.891892
4.894895 2.894895
4.897898 2.897898
4.900901 2.900901
4.903904 2.903904
4.906907 2.906907
4.909910 2.909910
4.912913 2.912913
4.915916 2.915916
4.918919 2.918919
4.921922 2.921922
4.924925 2.924925
4.927928 2.927928
4.930931 2.930931
4.933934 2.933934
4.936937 2.936937
4.939940 2.939940
4.942943 2.942943
4.945946 2.945946
4.948949 2.948949
4.951952 2.951952
4.954955 2.954955
4.957958 2.957958
4.960961 2.960961
4.963964 2.963964
4.966967 2.966967
4.969970 2.969970
4.972973 2.972973
4.975976 2.975976
4.978979 2.978979
4.981982 2.981982
4.984985 2.984985
4.987988 2.987988
4.990991 2.990991
4.993994 2.993994
4.996997 2.996997
5.000000 3.000000
5.003003 3.003003
5.006006 3.006006
5.009009 3.009009
5.012012 3.012012
5.015015 3.015015
5.018018 3.018018
5.021021 3.021021
5.024024 3.024024
5.027027 3.027027
5.030030 3.030030
5.033033 3.033033
5.036036 3.036036
5.039039 3.039039
5.042042 3.042042
5.045045 3.045045
5.048048 3.048048
5.051051 3.051051
5.054054 3.054054
5.057057 3.057057
5.060060 3.060060
5.063063 3.063063
5.066066 3.066066
5.069069 3.069069
5.072072 3.072072
5.075075 3.075075
5.078078 3.078078
5.081081 3.081081
5.084084 3.084084
5.087087 3.087087
5.090090 3.090090
5.093093 3.093093
5.096096 3.096096
5.099099 3.099099
5.102102 3.102102
5.105105 3.105105
5.108108 3.108108
5.111111 3.111111
5.114114 3.114114
5.117117 3.117117
5.120120 3.120120
5.123123 3.123123
5.126126 3.126126
5.129129 3.129129
5.132132 3.132132
5.135135 3.135135
5.138138 3.138138
5.141141 3.141141
5.144144 3.144144
5.147147 3.147147
5.150150 3.150150
5.153153 3.153153
5.156156 3.156156
5.159159 3.159159
5.162162 3.162162
5.165165 3.165165
5.168168 3.168168
5.171171 3.171171
5.174174 3.174174
5.177177 3.177177
5.180180 3.180180
5.183183 3.183183
5.186186 3.186186
5.189189 3.189189
5.192192 3.192192
5.195195 3.195195
5.198198 3.198198
5.201201 3.201201
5.204204 3.204204
5.207207 3.207207
5.210210 3.210210
5.213213 3.213213
5.216216 3.216216
5.219219 3.219219
5.222222 3.222222
5.225225 3.225225
5.228228 3.228228
5.231231 3.231231
5.234234 3.234234
5.237237 3.237237
5.240240 3.240240
5.243243 3.243243
5.246246 3.246246
5.249249 3.249249
5.252252 3.252252
5.255255 3.255255
5.258258 3.258258
5.261261 3.261261
5.264264 3.264264
5.267267 3.267267
5.270270 3.270270
5.273273 3.273273
5.276276 3.276276
5.279279 3.279279
5.282282 3.282282
5.285285 3.285285
5.288288 3.288288
5.291291 3.291291
5.294294 3.294294
5.297297 3.297297
5.300300 3.300300
5.303303 3.303303
5.306306 3.306306
5.309309 3.309309
5.312312 3.312312
5.315315 3.315315
5.318318 3.318318
5.321321 3.321321
5.324324 3.324324
5.327327 3.327327
5.330330 3.330330
5.333333 3.333333
5.336336 3.336336
5.339339 3.339339
5.342342 3.342342
5.345345 3.345345
5.348348 3.348348
5.351351 3.351351
5.354354 3.354354
5.357357 3.357357
5.360360 3.360360
5.363363 3.363363
5.366366 3.366366
5.369369 3.369369
5.372372 3.372372
5.375375 3.375375
5.378378 3.378378
5.381381 3.381381
5.384384 3.384384
5.387387 3.387387
5.390390 3.390390
5.393393 3.393393
5.396396 3.396396
5.399399 3.399399
5.402402 3.402402
5.405405 3.405405
5.408408 3.408408
5.411411 3.411411
5.414414 3.414414
5.417417 3.417417
5.420420 3.420420
5.423423 3.423423
5.426426 3.426426
5.429429 3.429429
5.432432 3.432432
5.435435 3.435435
5.438438 3.438438
5.441441 3.441441
5.444444 3.444444
5.447447 3.447447
5.450450 3.450450
5.453453 3.453453
5.456456 3.456456
5.459459 3.459459
5.462462 3.462462
5.465465 3.465465
5.468468 3.468468
5.471471 3.471471
5.474474 3.474474
5.477477 3.477477
5.480480 3.480480
5.483483 3.483483
5.486486 3.486486
5.489489 3.489489
5.492492 3.492492
5.495495 3.495495
5.498498 3.498498
5.501502 3.501502
5.504505 3.504505
5.507508 3.507508
5.510511 3.510511
5.513514 3.513514
5.516517 3.516517
5.519520 3.519520
5.522523 3.522523
5.525526 3.525526
5.528529 3.528529
5.531532 3.531532
5.534535 3.534535
5.537538 3.537538
5.540541 3.540541
5.543544 3.543544
5.546547 3.546547
5.549550 3.549550
5.552553 3.552553
5.555556 3.555556
5.558559 3.558559
5.561562 3.561562
5.564565 3.564565
5.567568 3.567568
5.570571 3.570571
5.573574 3.573574
5.576577 3.576577
5.579580 3.579580
5.582583 3.582583
5.585586 3.585586
5.588589 3.588589
5.591592 3.591592
5.594595 3.594595
5.597598 3.597598
5.600601 3.600601
5.603604 3.603604
5.606607 3.606607
5.609610 3.609610
5.612613 3.612613
5.615616 3.615616
5.618619 3.618619
5.621622 3.621622
5.624625 3.624625
5.627628 3.627628
5.630631 3.630631
5.633634 3.633634
5.636637 3.636637
5.639640 3.639640
5.642643 3.642643
5.645646 3.645646
5.648649 3.648649
5.651652 3.651652
5.654655 3.654655
5.657658 3.657658
5.660661 3.660661
5.663664 3.663664
5.666667 3.666667
5.669670 3.669670
5.672673 3.672673
5.675676 3.675676
5.678679 3.678679
5.681682 3.681682
5.684685 3.684685
5.687688 3.687688
5.690691 3.690691
5.693694 3.693694
5.696697 3.696697
5.699700 3.699700
5.702703 3.702703
5.705706 3.705706
5.708709 3.708709
5.711712 3.711712
5.714715 3.714715
5.717718 3.717718
5.720721 3.720721
5.723724 3.723724
5.726727 3.726727
5.729730 3.729730
5.732733 3.732733
5.735736 3.735736
5.738739 3.738739
5.741742 3.741742
5.744745 3.744745
5.747748 3.747748
5.750751 3.750751
5.753754 3.753754
5.756757 3.756757
5.759760 3.759760
5.762763 3.762763
5.765766 3.765766
5.768769 3.768769
5.771772 3.771772
5.774775 3.774775
5.777778 3.777778
5.780781 3.780781
5.783784 3.783784
5.786787 3.786787
5.789790 3.789790
5.792793 3.792793
5.795796 3.795796
5.798799 3.798799
5.801802 3.801802
5.804805 3.804805
5.807808 3.807808
5.810811 3.810811
5.813814 3.813814
5.816817 3.816817
5.819820 3.819820
5.822823 3.822823
5.825826 3.825826
5.828829 3.828829
5.831832 3.831832
5.834835 3.834835
5.837838 3.837838
5.840841 3.840841
5.843844 3.843844
5.846847 3.846847
5.849850 3.849850
5.852853 3.852853
5.855856 3.855856
5.858859 3.858859
5.861862 3.861862
5.864865 3.864865
5.867868 3.867868
5.870871 3.870871
5.873874 3.873874
5.876877 3.876877
5.879880 3.879880
5.882883 3.882883
5.885886 3.885886
5.888889 3.888889
5.891892 3.891892
5.894895 3.894895
5.897898 3.897898
5.900901 3.900901
5.903904 3.903904
5.906907 3.906907
5.909910 3.909910
5.912913 3.912913
5.915916 3.915916
5.918919 3.918919
5.921922 3.921922
5.924925 3.924925
5.927928 3.927928
5.930931 3.930931
5.933934 3.933934
5.936937 3.936937
5.939940 3.939940
5.942943 3.942943
5.945946 3.945946
5.948949 3.948949
5.951952 3.951952
5.954955 3.954955
5.957958 3.957958
5.960961 3.960961
5.963964 3.963964
5.966967 3.966967
5.969970 3.969970
5.972973 3.972973
5.975976 3.975976
5.978979 3.978979
5.981982 3.981982
5.984985 3.984985
5.987988 3.987988
5.990991 3.990991
5.993994 3.993994
5.996997 3.996997
6.000000 4.000000
